0,404
35,16
35,15
35,14
0,398
35,13
35,12
35,11
0,396
35,10
35,9
0,395
0,394
0,393
0,392
0,391
0,390
0,389
0,387
0,386
0,385
0,384
0,315
0,314
0,313
0,312
0,308
0,306
0,429
0,304
0,471
0,470
0,469
120,36
0,468
0,467
33,140
0,466
0,388
33,2
33,0
28,4
28,5
28,1
28,3
27,3
29,3
31,5
34,4
34,3
35,8
120,35
35,5
35,3
25,4
25,1
25,3
24,4
24,1
24,3
14,5
33,4
33,7
33,6
33,136
33,135
33,5
33,3
3,2
3,1
3,3
10,173
10,231
10,81
10,107
10,229
10,95
10,13
10,1
10,163
10,2
10,3
11,20
11,8
11,18
11,14
11,4
11,21
11,10
11,1
11,16
11,2
11,3
9,7
9,1
9,5
9,2
9,3
8,14
8,13
8,5
8,7
8,1
8,15
8,2
8,3
0,318
12,2
12,1
12,3
20,2
20,1
20,3
19,2
19,1
19,3
18,1
18,3
14,3
13,1
13,3
119,3
119,2
119,1
119,0
118,3
118,2
118,1
118,0
117,6
117,5
117,4
117,3
117,2
117,1
117,0
116,12
116,11
116,10
116,9
116,8
116,7
116,6
116,5
116,4
